     -4.566  0.0000E+00  0.0000E+00
     -4.435  0.0000E+00  0.0000E+00
     -4.304  0.0000E+00  0.0000E+00
     -4.173  0.0000E+00  0.0000E+00
     -4.042  0.0000E+00  0.0000E+00
     -3.911  0.0000E+00  0.0000E+00
     -3.779  0.0000E+00  0.0000E+00
     -3.648  0.0000E+00  0.0000E+00
     -3.517  0.0000E+00  0.0000E+00
     -3.386  0.0000E+00  0.0000E+00
     -3.255  0.0000E+00  0.0000E+00
     -3.124  0.0000E+00  0.0000E+00
     -2.993  0.0000E+00  0.0000E+00
     -2.861  0.0000E+00  0.0000E+00
     -2.730  0.0000E+00  0.0000E+00
     -2.599  0.0000E+00  0.0000E+00
     -2.468  0.3899E-01  0.2192E-02
     -2.337  0.6497E-01  0.9374E-02
     -2.206  0.8511E-01  0.1935E-01
     -2.075  0.9891E-01  0.3138E-01
     -1.943  0.1129E+00  0.4540E-01
     -1.812  0.1237E+00  0.6090E-01
     -1.681  0.1363E+00  0.7794E-01
     -1.550  0.1447E+00  0.9638E-01
     -1.419  0.1543E+00  0.1160E+00
     -1.288  0.1645E+00  0.1369E+00
     -1.157  0.1719E+00  0.1589E+00
     -1.025  0.1797E+00  0.1820E+00
     -0.894  0.1883E+00  0.2061E+00
     -0.763  0.1959E+00  0.2313E+00
     -0.632  0.2024E+00  0.2574E+00
     -0.501  0.2094E+00  0.2844E+00
     -0.370  0.2169E+00  0.3124E+00
     -0.239  0.2235E+00  0.3413E+00
     -0.107  0.2294E+00  0.3710E+00
      0.024  0.2357E+00  0.4015E+00
      0.155  0.2423E+00  0.4328E+00
      0.286  0.2491E+00  0.4651E+00
      0.417  0.2544E+00  0.4981E+00
      0.548  0.2600E+00  0.5318E+00
      0.679  0.2658E+00  0.5663E+00
      0.811  0.2717E+00  0.6015E+00
      0.942  0.2779E+00  0.6375E+00
      1.073  0.2829E+00  0.6743E+00
      1.204  0.2880E+00  0.7118E+00
      1.335  0.2933E+00  0.7499E+00
      1.466  0.2987E+00  0.7887E+00
      1.597  0.3043E+00  0.8282E+00
      1.729  0.3095E+00  0.8685E+00
      1.860  0.3142E+00  0.9094E+00
      1.991  0.3191E+00  0.9509E+00
      2.122  0.3241E+00  0.9931E+00
      2.253  0.3292E+00  0.1036E+01
      2.384  0.3345E+00  0.1079E+01
      2.515  0.3401E+00  0.1124E+01
      2.647  0.3469E+00  0.1169E+01
      2.778  0.3596E+00  0.1215E+01
      2.909  0.3833E+00  0.1264E+01
      3.040  0.3660E+00  0.1314E+01
      3.171  0.3710E+00  0.1362E+01
      3.302  0.3558E+00  0.1411E+01
      3.433  0.3363E+00  0.1455E+01
      3.565  0.3472E+00  0.1500E+01
      3.696  0.3803E+00  0.1550E+01
      3.827  0.3787E+00  0.1600E+01
      3.958  0.3758E+00  0.1650E+01
      4.089  0.4085E+00  0.1701E+01
      4.220  0.4177E+00  0.1753E+01
      4.351  0.4083E+00  0.1807E+01
      4.483  0.4079E+00  0.1861E+01
      4.614  0.4256E+00  0.1915E+01
      4.745  0.4325E+00  0.1973E+01
      4.876  0.4245E+00  0.2029E+01
      5.007  0.4194E+00  0.2085E+01
      5.138  0.4188E+00  0.2140E+01
      5.269  0.4164E+00  0.2195E+01
      5.401  0.4198E+00  0.2250E+01
      5.532  0.4304E+00  0.2306E+01
      5.663  0.4101E+00  0.2361E+01
      5.794  0.4233E+00  0.2415E+01
      5.925  0.4499E+00  0.2472E+01
      6.056  0.4763E+00  0.2533E+01
      6.187  0.4984E+00  0.2597E+01
      6.319  0.4728E+00  0.2660E+01
      6.450  0.4707E+00  0.2722E+01
      6.581  0.4597E+00  0.2784E+01
      6.712  0.4759E+00  0.2845E+01
      6.843  0.4975E+00  0.2909E+01
      6.974  0.4654E+00  0.2972E+01
      7.105  0.4809E+00  0.3034E+01
      7.237  0.4847E+00  0.3097E+01
      7.368  0.5143E+00  0.3163E+01
      7.499  0.5084E+00  0.3230E+01
      7.630  0.5132E+00  0.3297E+01
      7.761  0.5201E+00  0.3365E+01
      7.892  0.5212E+00  0.3435E+01
      8.023  0.5068E+00  0.3502E+01
      8.155  0.5118E+00  0.3569E+01
      8.286  0.5264E+00  0.3637E+01
      8.417  0.5324E+00  0.3707E+01
      8.548  0.5355E+00  0.3776E+01
      8.679  0.5562E+00  0.3849E+01
      8.810  0.5569E+00  0.3921E+01
      8.941  0.5733E+00  0.3995E+01
      9.073  0.5644E+00  0.4070E+01
      9.204  0.5574E+00  0.4144E+01
      9.335  0.5564E+00  0.4217E+01
      9.466  0.5681E+00  0.4290E+01
      9.597  0.5904E+00  0.4366E+01
      9.728  0.5841E+00  0.4443E+01
      9.859  0.6087E+00  0.4521E+01
      9.991  0.6032E+00  0.4601E+01
     10.122  0.6183E+00  0.4681E+01
     10.253  0.6182E+00  0.4762E+01
     10.384  0.6210E+00  0.4843E+01
     10.515  0.6340E+00  0.4925E+01
     10.646  0.6586E+00  0.5010E+01
     10.777  0.6857E+00  0.5097E+01
     10.909  0.6949E+00  0.5188E+01
     11.040  0.7194E+00  0.5281E+01
     11.171  0.8020E+00  0.5378E+01
     11.302  0.7498E+00  0.5479E+01
     11.433  0.7366E+00  0.5576E+01
     11.564  0.7186E+00  0.5671E+01
     11.695  0.7132E+00  0.5765E+01
     11.827  0.6884E+00  0.5857E+01
     11.958  0.6686E+00  0.5946E+01
     12.089  0.6578E+00  0.6033E+01
     12.220  0.6429E+00  0.6118E+01
     12.351  0.6229E+00  0.6201E+01
     12.482  0.6061E+00  0.6282E+01
     12.613  0.5963E+00  0.6361E+01
     12.745  0.5893E+00  0.6438E+01
     12.876  0.5741E+00  0.6515E+01
     13.007  0.5539E+00  0.6589E+01
     13.138  0.5348E+00  0.6660E+01
     13.269  0.5193E+00  0.6729E+01
     13.400  0.5099E+00  0.6796E+01
     13.531  0.5033E+00  0.6863E+01
     13.663  0.5007E+00  0.6929E+01
     13.794  0.5024E+00  0.6994E+01
     13.925  0.5043E+00  0.7060E+01
     14.056  0.5113E+00  0.7127E+01
     14.187  0.5237E+00  0.7195E+01
     14.318  0.5339E+00  0.7264E+01
     14.449  0.5493E+00  0.7335E+01
     14.581  0.5657E+00  0.7408E+01
     14.712  0.5780E+00  0.7483E+01
     14.843  0.5839E+00  0.7560E+01
     14.974  0.5863E+00  0.7636E+01
     15.105  0.5925E+00  0.7713E+01
     15.236  0.5961E+00  0.7791E+01
     15.367  0.6045E+00  0.7870E+01
     15.499  0.6165E+00  0.7950E+01
     15.630  0.6240E+00  0.8031E+01
     15.761  0.6471E+00  0.8114E+01
     15.892  0.6810E+00  0.8202E+01
     16.023  0.7050E+00  0.8292E+01
     16.154  0.7452E+00  0.8387E+01
     16.285  0.7929E+00  0.8489E+01
     16.417  0.8460E+00  0.8596E+01
     16.548  0.9088E+00  0.8711E+01
     16.679  0.9533E+00  0.8834E+01
     16.810  0.9333E+00  0.8958E+01
     16.941  0.9237E+00  0.9082E+01
     17.072  0.8624E+00  0.9200E+01
     17.203  0.8314E+00  0.9311E+01
     17.335  0.7852E+00  0.9417E+01
     17.466  0.7741E+00  0.9519E+01
     17.597  0.8073E+00  0.9621E+01
     17.728  0.7643E+00  0.9727E+01
     17.859  0.7503E+00  0.9826E+01
     17.990  0.6996E+00  0.9920E+01
     18.121  0.6933E+00  0.1001E+02
     18.253  0.7764E+00  0.1010E+02
     18.384  0.7449E+00  0.1020E+02
     18.515  0.6863E+00  0.1030E+02
     18.646  0.6269E+00  0.1038E+02
     18.777  0.6435E+00  0.1047E+02
     18.908  0.6382E+00  0.1055E+02
     19.039  0.6926E+00  0.1064E+02
     19.171  0.6603E+00  0.1073E+02
     19.302  0.6885E+00  0.1081E+02
     19.433  0.7303E+00  0.1091E+02
     19.564  0.7555E+00  0.1100E+02
     19.695  0.7740E+00  0.1110E+02
     19.826  0.7560E+00  0.1120E+02
     19.957  0.7376E+00  0.1130E+02
     20.089  0.6889E+00  0.1140E+02
     20.220  0.7297E+00  0.1149E+02
     20.351  0.6382E+00  0.1158E+02
     20.482  0.5543E+00  0.1166E+02
     20.613  0.5373E+00  0.1173E+02
     20.744  0.5883E+00  0.1180E+02
     20.875  0.5726E+00  0.1188E+02
     21.007  0.7245E+00  0.1196E+02
     21.138  0.7103E+00  0.1206E+02
     21.269  0.7259E+00  0.1215E+02
     21.400  0.8119E+00  0.1225E+02
     21.531  0.7684E+00  0.1236E+02
     21.662  0.7560E+00  0.1246E+02
     21.793  0.7404E+00  0.1256E+02
     21.925  0.7455E+00  0.1265E+02
     22.056  0.7101E+00  0.1275E+02
     22.187  0.7963E+00  0.1284E+02
     22.318  0.7036E+00  0.1294E+02
     22.449  0.6898E+00  0.1303E+02
     22.580  0.6776E+00  0.1312E+02
     22.711  0.6712E+00  0.1321E+02
     22.843  0.6657E+00  0.1330E+02
     22.974  0.6953E+00  0.1339E+02
     23.105  0.6868E+00  0.1348E+02
     23.236  0.6842E+00  0.1357E+02
     23.367  0.6832E+00  0.1366E+02
     23.498  0.6899E+00  0.1375E+02
     23.629  0.6626E+00  0.1383E+02
     23.761  0.6795E+00  0.1392E+02
     23.892  0.6958E+00  0.1401E+02
     24.023  0.6555E+00  0.1410E+02
     24.154  0.6303E+00  0.1419E+02
     24.285  0.5970E+00  0.1427E+02
     24.416  0.5688E+00  0.1434E+02
     24.547  0.5510E+00  0.1442E+02
     24.679  0.5390E+00  0.1449E+02
     24.810  0.5252E+00  0.1456E+02
     24.941  0.5046E+00  0.1463E+02
     25.072  0.5034E+00  0.1469E+02
     25.203  0.5441E+00  0.1476E+02
     25.334  0.5269E+00  0.1483E+02
     25.465  0.4990E+00  0.1490E+02
     25.597  0.4760E+00  0.1496E+02
     25.728  0.4456E+00  0.1503E+02
     25.859  0.4141E+00  0.1508E+02
     25.990  0.3849E+00  0.1513E+02
     26.121  0.3643E+00  0.1518E+02
     26.252  0.3506E+00  0.1523E+02
     26.383  0.3293E+00  0.1527E+02
     26.515  0.3017E+00  0.1532E+02
     26.646  0.2839E+00  0.1535E+02
     26.777  0.2728E+00  0.1539E+02
     26.908  0.2446E+00  0.1542E+02
     27.039  0.2263E+00  0.1546E+02
     27.170  0.2182E+00  0.1548E+02
     27.301  0.2102E+00  0.1551E+02
     27.433  0.2012E+00  0.1554E+02
     27.564  0.1934E+00  0.1557E+02
     27.695  0.1870E+00  0.1559E+02
     27.826  0.1839E+00  0.1561E+02
     27.957  0.1805E+00  0.1564E+02
     28.088  0.1745E+00  0.1566E+02
     28.219  0.1656E+00  0.1568E+02
     28.350  0.1555E+00  0.1571E+02
     28.482  0.1494E+00  0.1573E+02
     28.613  0.1453E+00  0.1574E+02
     28.744  0.1411E+00  0.1576E+02
     28.875  0.1365E+00  0.1578E+02
     29.006  0.1330E+00  0.1580E+02
     29.137  0.1297E+00  0.1582E+02
     29.268  0.1239E+00  0.1583E+02
     29.400  0.1169E+00  0.1585E+02
     29.531  0.1099E+00  0.1586E+02
     29.662  0.1047E+00  0.1588E+02
     29.793  0.1062E+00  0.1589E+02
     29.924  0.9715E-01  0.1591E+02
     30.055  0.7732E-01  0.1592E+02
     30.186  0.7080E-01  0.1593E+02
     30.318  0.6491E-01  0.1594E+02
     30.449  0.5723E-01  0.1594E+02
     30.580  0.5045E-01  0.1595E+02
     30.711  0.4661E-01  0.1596E+02
     30.842  0.4304E-01  0.1596E+02
     30.973  0.3710E-01  0.1597E+02
     31.104  0.3354E-01  0.1597E+02
     31.236  0.3034E-01  0.1598E+02
     31.367  0.2747E-01  0.1598E+02
     31.498  0.2496E-01  0.1598E+02
     31.629  0.2345E-01  0.1599E+02
     31.760  0.2281E-01  0.1599E+02
     31.891  0.1600E-01  0.1599E+02
     32.022  0.1290E-01  0.1599E+02
     32.154  0.1059E-01  0.1600E+02
     32.285  0.8472E-02  0.1600E+02
     32.416  0.6534E-02  0.1600E+02
     32.547  0.4777E-02  0.1600E+02
     32.678  0.6880E-02  0.1600E+02
     32.809  0.0000E+00  0.1600E+02
     32.940  0.0000E+00  0.1600E+02
     33.072  0.0000E+00  0.1600E+02
     33.203  0.0000E+00  0.1600E+02
     33.334  0.0000E+00  0.1600E+02
     33.465  0.0000E+00  0.1600E+02
     33.596  0.0000E+00  0.1600E+02
     33.727  0.0000E+00  0.1600E+02
     33.858  0.0000E+00  0.1600E+02
     33.990  0.0000E+00  0.1600E+02
     34.121  0.0000E+00  0.1600E+02
     34.252  0.0000E+00  0.1600E+02
     34.383  0.0000E+00  0.1600E+02
     34.514  0.0000E+00  0.1600E+02
     34.645  0.0000E+00  0.1600E+02
     34.776  0.0000E+00  0.1600E+02
