     -4.566  0.0000E+00  0.0000E+00  0.0000E+00  0.0000E+00  0.0000E+00  0.0000E+00  0.0000E+00  0.0000E+00  0.0000E+00
     -4.435  0.0000E+00  0.0000E+00  0.0000E+00  0.0000E+00  0.0000E+00  0.0000E+00  0.0000E+00  0.0000E+00  0.0000E+00
     -4.304  0.0000E+00  0.0000E+00  0.0000E+00  0.0000E+00  0.0000E+00  0.0000E+00  0.0000E+00  0.0000E+00  0.0000E+00
     -4.173  0.0000E+00  0.0000E+00  0.0000E+00  0.0000E+00  0.0000E+00  0.0000E+00  0.0000E+00  0.0000E+00  0.0000E+00
     -4.042  0.0000E+00  0.0000E+00  0.0000E+00  0.0000E+00  0.0000E+00  0.0000E+00  0.0000E+00  0.0000E+00  0.0000E+00
     -3.911  0.0000E+00  0.0000E+00  0.0000E+00  0.0000E+00  0.0000E+00  0.0000E+00  0.0000E+00  0.0000E+00  0.0000E+00
     -3.779  0.0000E+00  0.0000E+00  0.0000E+00  0.0000E+00  0.0000E+00  0.0000E+00  0.0000E+00  0.0000E+00  0.0000E+00
     -3.648  0.0000E+00  0.0000E+00  0.0000E+00  0.0000E+00  0.0000E+00  0.0000E+00  0.0000E+00  0.0000E+00  0.0000E+00
     -3.517  0.0000E+00  0.0000E+00  0.0000E+00  0.0000E+00  0.0000E+00  0.0000E+00  0.0000E+00  0.0000E+00  0.0000E+00
     -3.386  0.0000E+00  0.0000E+00  0.0000E+00  0.0000E+00  0.0000E+00  0.0000E+00  0.0000E+00  0.0000E+00  0.0000E+00
     -3.255  0.0000E+00  0.0000E+00  0.0000E+00  0.0000E+00  0.0000E+00  0.0000E+00  0.0000E+00  0.0000E+00  0.0000E+00
     -3.124  0.0000E+00  0.0000E+00  0.0000E+00  0.0000E+00  0.0000E+00  0.0000E+00  0.0000E+00  0.0000E+00  0.0000E+00
     -2.993  0.0000E+00  0.0000E+00  0.0000E+00  0.0000E+00  0.0000E+00  0.0000E+00  0.0000E+00  0.0000E+00  0.0000E+00
     -2.861  0.0000E+00  0.0000E+00  0.0000E+00  0.0000E+00  0.0000E+00  0.0000E+00  0.0000E+00  0.0000E+00  0.0000E+00
     -2.730  0.0000E+00  0.0000E+00  0.0000E+00  0.0000E+00  0.0000E+00  0.0000E+00  0.0000E+00  0.0000E+00  0.0000E+00
     -2.599  0.0000E+00  0.0000E+00  0.0000E+00  0.0000E+00  0.0000E+00  0.0000E+00  0.0000E+00  0.0000E+00  0.0000E+00
     -2.468  0.1026E-01  0.4203E-04  0.2109E-04  0.2109E-04  0.0000E+00  0.0000E+00  0.0000E+00  0.0000E+00  0.0000E+00
     -2.337  0.1694E-01  0.1597E-03  0.6545E-04  0.7716E-04  0.0000E+00  0.0000E+00  0.0000E+00  0.0000E+00  0.0000E+00
     -2.206  0.2201E-01  0.3369E-03  0.1094E-03  0.1367E-03  0.0000E+00  0.0000E+00  0.0000E+00  0.0000E+00  0.0000E+00
     -2.075  0.2534E-01  0.5473E-03  0.1573E-03  0.2271E-03  0.0000E+00  0.0000E+00  0.0000E+00  0.0000E+00  0.0000E+00
     -1.943  0.2866E-01  0.7637E-03  0.2468E-03  0.3102E-03  0.0000E+00  0.0000E+00  0.0000E+00  0.0000E+00  0.0000E+00
     -1.812  0.3111E-01  0.9928E-03  0.3421E-03  0.4268E-03  0.0000E+00  0.0000E+00  0.0000E+00  0.0000E+00  0.0000E+00
     -1.681  0.3401E-01  0.1256E-02  0.4293E-03  0.5210E-03  0.0000E+00  0.0000E+00  0.0000E+00  0.0000E+00  0.0000E+00
     -1.550  0.3572E-01  0.1460E-02  0.6293E-03  0.6489E-03  0.0000E+00  0.0000E+00  0.0000E+00  0.0000E+00  0.0000E+00
     -1.419  0.3775E-01  0.1780E-02  0.7047E-03  0.7812E-03  0.0000E+00  0.0000E+00  0.0000E+00  0.0000E+00  0.0000E+00
     -1.288  0.3993E-01  0.2101E-02  0.7958E-03  0.9051E-03  0.0000E+00  0.0000E+00  0.0000E+00  0.0000E+00  0.0000E+00
     -1.157  0.4128E-01  0.2393E-02  0.9755E-03  0.1050E-02  0.0000E+00  0.0000E+00  0.0000E+00  0.0000E+00  0.0000E+00
     -1.025  0.4274E-01  0.2726E-02  0.1112E-02  0.1198E-02  0.0000E+00  0.0000E+00  0.0000E+00  0.0000E+00  0.0000E+00
     -0.894  0.4441E-01  0.3118E-02  0.1184E-02  0.1349E-02  0.0000E+00  0.0000E+00  0.0000E+00  0.0000E+00  0.0000E+00
     -0.763  0.4576E-01  0.3496E-02  0.1306E-02  0.1510E-02  0.0000E+00  0.0000E+00  0.0000E+00  0.0000E+00  0.0000E+00
     -0.632  0.4682E-01  0.3791E-02  0.1544E-02  0.1675E-02  0.0000E+00  0.0000E+00  0.0000E+00  0.0000E+00  0.0000E+00
     -0.501  0.4797E-01  0.4118E-02  0.1754E-02  0.1840E-02  0.0000E+00  0.0000E+00  0.0000E+00  0.0000E+00  0.0000E+00
     -0.370  0.4929E-01  0.4537E-02  0.1867E-02  0.2004E-02  0.0000E+00  0.0000E+00  0.0000E+00  0.0000E+00  0.0000E+00
     -0.239  0.5030E-01  0.4954E-02  0.2005E-02  0.2196E-02  0.0000E+00  0.0000E+00  0.0000E+00  0.0000E+00  0.0000E+00
     -0.107  0.5111E-01  0.5269E-02  0.2279E-02  0.2391E-02  0.0000E+00  0.0000E+00  0.0000E+00  0.0000E+00  0.0000E+00
      0.024  0.5203E-01  0.5621E-02  0.2525E-02  0.2574E-02  0.0000E+00  0.0000E+00  0.0000E+00  0.0000E+00  0.0000E+00
      0.155  0.5299E-01  0.6028E-02  0.2719E-02  0.2756E-02  0.0000E+00  0.0000E+00  0.0000E+00  0.0000E+00  0.0000E+00
      0.286  0.5405E-01  0.6505E-02  0.2838E-02  0.2938E-02  0.0000E+00  0.0000E+00  0.0000E+00  0.0000E+00  0.0000E+00
      0.417  0.5460E-01  0.6976E-02  0.3002E-02  0.3170E-02  0.0000E+00  0.0000E+00  0.0000E+00  0.0000E+00  0.0000E+00
      0.548  0.5524E-01  0.7349E-02  0.3266E-02  0.3389E-02  0.0000E+00  0.0000E+00  0.0000E+00  0.0000E+00  0.0000E+00
      0.679  0.5594E-01  0.7782E-02  0.3478E-02  0.3593E-02  0.0000E+00  0.0000E+00  0.0000E+00  0.0000E+00  0.0000E+00
      0.811  0.5668E-01  0.8233E-02  0.3677E-02  0.3791E-02  0.0000E+00  0.0000E+00  0.0000E+00  0.0000E+00  0.0000E+00
      0.942  0.5746E-01  0.8713E-02  0.3850E-02  0.3988E-02  0.0000E+00  0.0000E+00  0.0000E+00  0.0000E+00  0.0000E+00
      1.073  0.5788E-01  0.9238E-02  0.4007E-02  0.4226E-02  0.0000E+00  0.0000E+00  0.0000E+00  0.0000E+00  0.0000E+00
      1.204  0.5831E-01  0.9685E-02  0.4238E-02  0.4471E-02  0.0000E+00  0.0000E+00  0.0000E+00  0.0000E+00  0.0000E+00
      1.335  0.5879E-01  0.1006E-01  0.4545E-02  0.4704E-02  0.0000E+00  0.0000E+00  0.0000E+00  0.0000E+00  0.0000E+00
      1.466  0.5932E-01  0.1052E-01  0.4771E-02  0.4924E-02  0.0000E+00  0.0000E+00  0.0000E+00  0.0000E+00  0.0000E+00
      1.597  0.5989E-01  0.1099E-01  0.4989E-02  0.5139E-02  0.0000E+00  0.0000E+00  0.0000E+00  0.0000E+00  0.0000E+00
      1.729  0.6032E-01  0.1146E-01  0.5230E-02  0.5368E-02  0.0000E+00  0.0000E+00  0.0000E+00  0.0000E+00  0.0000E+00
      1.860  0.6059E-01  0.1197E-01  0.5447E-02  0.5621E-02  0.0000E+00  0.0000E+00  0.0000E+00  0.0000E+00  0.0000E+00
      1.991  0.6089E-01  0.1240E-01  0.5735E-02  0.5878E-02  0.0000E+00  0.0000E+00  0.0000E+00  0.0000E+00  0.0000E+00
      2.122  0.6124E-01  0.1277E-01  0.6068E-02  0.6134E-02  0.0000E+00  0.0000E+00  0.0000E+00  0.0000E+00  0.0000E+00
      2.253  0.6161E-01  0.1323E-01  0.6331E-02  0.6377E-02  0.0000E+00  0.0000E+00  0.0000E+00  0.0000E+00  0.0000E+00
      2.384  0.6203E-01  0.1377E-01  0.6504E-02  0.6610E-02  0.0000E+00  0.0000E+00  0.0000E+00  0.0000E+00  0.0000E+00
      2.515  0.6244E-01  0.1430E-01  0.6749E-02  0.6880E-02  0.0000E+00  0.0000E+00  0.0000E+00  0.0000E+00  0.0000E+00
      2.647  0.6300E-01  0.1486E-01  0.7071E-02  0.7219E-02  0.0000E+00  0.0000E+00  0.0000E+00  0.0000E+00  0.0000E+00
      2.778  0.6461E-01  0.1555E-01  0.7594E-02  0.7723E-02  0.0000E+00  0.0000E+00  0.0000E+00  0.0000E+00  0.0000E+00
      2.909  0.6815E-01  0.1660E-01  0.8419E-02  0.8549E-02  0.0000E+00  0.0000E+00  0.0000E+00  0.0000E+00  0.0000E+00
      3.040  0.6454E-01  0.1631E-01  0.8112E-02  0.8125E-02  0.0000E+00  0.0000E+00  0.0000E+00  0.0000E+00  0.0000E+00
      3.171  0.6483E-01  0.1676E-01  0.8418E-02  0.8375E-02  0.0000E+00  0.0000E+00  0.0000E+00  0.0000E+00  0.0000E+00
      3.302  0.6168E-01  0.1675E-01  0.7863E-02  0.8005E-02  0.0000E+00  0.0000E+00  0.0000E+00  0.0000E+00  0.0000E+00
      3.433  0.5778E-01  0.1625E-01  0.7498E-02  0.7563E-02  0.0000E+00  0.0000E+00  0.0000E+00  0.0000E+00  0.0000E+00
      3.565  0.5899E-01  0.1678E-01  0.8102E-02  0.8068E-02  0.0000E+00  0.0000E+00  0.0000E+00  0.0000E+00  0.0000E+00
      3.696  0.6381E-01  0.1816E-01  0.9431E-02  0.9255E-02  0.0000E+00  0.0000E+00  0.0000E+00  0.0000E+00  0.0000E+00
      3.827  0.6302E-01  0.1829E-01  0.9540E-02  0.9365E-02  0.0000E+00  0.0000E+00  0.0000E+00  0.0000E+00  0.0000E+00
      3.958  0.6211E-01  0.1835E-01  0.9571E-02  0.9401E-02  0.0000E+00  0.0000E+00  0.0000E+00  0.0000E+00  0.0000E+00
      4.089  0.6695E-01  0.1940E-01  0.1111E-01  0.1061E-01  0.0000E+00  0.0000E+00  0.0000E+00  0.0000E+00  0.0000E+00
      4.220  0.6810E-01  0.1961E-01  0.1178E-01  0.1104E-01  0.0000E+00  0.0000E+00  0.0000E+00  0.0000E+00  0.0000E+00
      4.351  0.6637E-01  0.1944E-01  0.1145E-01  0.1085E-01  0.0000E+00  0.0000E+00  0.0000E+00  0.0000E+00  0.0000E+00
      4.483  0.6659E-01  0.1926E-01  0.1147E-01  0.1085E-01  0.0000E+00  0.0000E+00  0.0000E+00  0.0000E+00  0.0000E+00
      4.614  0.6975E-01  0.1966E-01  0.1211E-01  0.1153E-01  0.0000E+00  0.0000E+00  0.0000E+00  0.0000E+00  0.0000E+00
      4.745  0.7121E-01  0.1955E-01  0.1249E-01  0.1185E-01  0.0000E+00  0.0000E+00  0.0000E+00  0.0000E+00  0.0000E+00
      4.876  0.6938E-01  0.1875E-01  0.1279E-01  0.1210E-01  0.0000E+00  0.0000E+00  0.0000E+00  0.0000E+00  0.0000E+00
      5.007  0.6769E-01  0.1820E-01  0.1322E-01  0.1255E-01  0.0000E+00  0.0000E+00  0.0000E+00  0.0000E+00  0.0000E+00
      5.138  0.6697E-01  0.1775E-01  0.1374E-01  0.1309E-01  0.0000E+00  0.0000E+00  0.0000E+00  0.0000E+00  0.0000E+00
      5.269  0.6611E-01  0.1708E-01  0.1430E-01  0.1350E-01  0.0000E+00  0.0000E+00  0.0000E+00  0.0000E+00  0.0000E+00
      5.401  0.6405E-01  0.1824E-01  0.1514E-01  0.1400E-01  0.0000E+00  0.0000E+00  0.0000E+00  0.0000E+00  0.0000E+00
      5.532  0.6328E-01  0.2079E-01  0.1539E-01  0.1431E-01  0.0000E+00  0.0000E+00  0.0000E+00  0.0000E+00  0.0000E+00
      5.663  0.5740E-01  0.2215E-01  0.1469E-01  0.1359E-01  0.0000E+00  0.0000E+00  0.0000E+00  0.0000E+00  0.0000E+00
      5.794  0.5654E-01  0.2510E-01  0.1522E-01  0.1387E-01  0.0000E+00  0.0000E+00  0.0000E+00  0.0000E+00  0.0000E+00
      5.925  0.5898E-01  0.2781E-01  0.1603E-01  0.1470E-01  0.0000E+00  0.0000E+00  0.0000E+00  0.0000E+00  0.0000E+00
      6.056  0.6180E-01  0.3052E-01  0.1644E-01  0.1561E-01  0.0000E+00  0.0000E+00  0.0000E+00  0.0000E+00  0.0000E+00
      6.187  0.6205E-01  0.3359E-01  0.1747E-01  0.1645E-01  0.0000E+00  0.0000E+00  0.0000E+00  0.0000E+00  0.0000E+00
      6.319  0.5915E-01  0.3100E-01  0.1689E-01  0.1609E-01  0.0000E+00  0.0000E+00  0.0000E+00  0.0000E+00  0.0000E+00
      6.450  0.5875E-01  0.3015E-01  0.1732E-01  0.1648E-01  0.0000E+00  0.0000E+00  0.0000E+00  0.0000E+00  0.0000E+00
      6.581  0.5649E-01  0.2997E-01  0.1699E-01  0.1626E-01  0.0000E+00  0.0000E+00  0.0000E+00  0.0000E+00  0.0000E+00
      6.712  0.5775E-01  0.3174E-01  0.1738E-01  0.1698E-01  0.0000E+00  0.0000E+00  0.0000E+00  0.0000E+00  0.0000E+00
      6.843  0.5967E-01  0.3308E-01  0.1861E-01  0.1808E-01  0.0000E+00  0.0000E+00  0.0000E+00  0.0000E+00  0.0000E+00
      6.974  0.5373E-01  0.3153E-01  0.1834E-01  0.1700E-01  0.0000E+00  0.0000E+00  0.0000E+00  0.0000E+00  0.0000E+00
      7.105  0.5540E-01  0.3177E-01  0.1965E-01  0.1795E-01  0.0000E+00  0.0000E+00  0.0000E+00  0.0000E+00  0.0000E+00
      7.237  0.5403E-01  0.3399E-01  0.1925E-01  0.1800E-01  0.0000E+00  0.0000E+00  0.0000E+00  0.0000E+00  0.0000E+00
      7.368  0.5563E-01  0.3784E-01  0.2004E-01  0.1899E-01  0.0000E+00  0.0000E+00  0.0000E+00  0.0000E+00  0.0000E+00
      7.499  0.5455E-01  0.3733E-01  0.1990E-01  0.1922E-01  0.0000E+00  0.0000E+00  0.0000E+00  0.0000E+00  0.0000E+00
      7.630  0.5434E-01  0.3787E-01  0.2025E-01  0.1975E-01  0.0000E+00  0.0000E+00  0.0000E+00  0.0000E+00  0.0000E+00
      7.761  0.5429E-01  0.3749E-01  0.2184E-01  0.2029E-01  0.0000E+00  0.0000E+00  0.0000E+00  0.0000E+00  0.0000E+00
      7.892  0.5331E-01  0.3742E-01  0.2275E-01  0.2056E-01  0.0000E+00  0.0000E+00  0.0000E+00  0.0000E+00  0.0000E+00
      8.023  0.5031E-01  0.3596E-01  0.2378E-01  0.1990E-01  0.0000E+00  0.0000E+00  0.0000E+00  0.0000E+00  0.0000E+00
      8.155  0.5002E-01  0.3620E-01  0.2457E-01  0.2036E-01  0.0000E+00  0.0000E+00  0.0000E+00  0.0000E+00  0.0000E+00
      8.286  0.5013E-01  0.3702E-01  0.2652E-01  0.2089E-01  0.0000E+00  0.0000E+00  0.0000E+00  0.0000E+00  0.0000E+00
      8.417  0.5008E-01  0.3827E-01  0.2640E-01  0.2131E-01  0.0000E+00  0.0000E+00  0.0000E+00  0.0000E+00  0.0000E+00
      8.548  0.4977E-01  0.3758E-01  0.2736E-01  0.2227E-01  0.0000E+00  0.0000E+00  0.0000E+00  0.0000E+00  0.0000E+00
      8.679  0.5055E-01  0.3897E-01  0.2887E-01  0.2379E-01  0.0000E+00  0.0000E+00  0.0000E+00  0.0000E+00  0.0000E+00
      8.810  0.4951E-01  0.3845E-01  0.3017E-01  0.2406E-01  0.0000E+00  0.0000E+00  0.0000E+00  0.0000E+00  0.0000E+00
      8.941  0.4895E-01  0.3947E-01  0.3303E-01  0.2434E-01  0.0000E+00  0.0000E+00  0.0000E+00  0.0000E+00  0.0000E+00
      9.073  0.4785E-01  0.3971E-01  0.3164E-01  0.2445E-01  0.0000E+00  0.0000E+00  0.0000E+00  0.0000E+00  0.0000E+00
      9.204  0.4630E-01  0.3853E-01  0.3253E-01  0.2446E-01  0.0000E+00  0.0000E+00  0.0000E+00  0.0000E+00  0.0000E+00
      9.335  0.4487E-01  0.3837E-01  0.3358E-01  0.2445E-01  0.0000E+00  0.0000E+00  0.0000E+00  0.0000E+00  0.0000E+00
      9.466  0.4447E-01  0.3884E-01  0.3561E-01  0.2508E-01  0.0000E+00  0.0000E+00  0.0000E+00  0.0000E+00  0.0000E+00
      9.597  0.4589E-01  0.3901E-01  0.3699E-01  0.2836E-01  0.0000E+00  0.0000E+00  0.0000E+00  0.0000E+00  0.0000E+00
      9.728  0.4338E-01  0.3941E-01  0.3801E-01  0.2720E-01  0.0000E+00  0.0000E+00  0.0000E+00  0.0000E+00  0.0000E+00
      9.859  0.4393E-01  0.3843E-01  0.4265E-01  0.2943E-01  0.0000E+00  0.0000E+00  0.0000E+00  0.0000E+00  0.0000E+00
      9.991  0.4247E-01  0.3821E-01  0.4295E-01  0.2930E-01  0.0000E+00  0.0000E+00  0.0000E+00  0.0000E+00  0.0000E+00
     10.122  0.4232E-01  0.3825E-01  0.4534E-01  0.3098E-01  0.0000E+00  0.0000E+00  0.0000E+00  0.0000E+00  0.0000E+00
     10.253  0.4076E-01  0.3802E-01  0.4663E-01  0.3130E-01  0.0000E+00  0.0000E+00  0.0000E+00  0.0000E+00  0.0000E+00
     10.384  0.3925E-01  0.3814E-01  0.4826E-01  0.3157E-01  0.0000E+00  0.0000E+00  0.0000E+00  0.0000E+00  0.0000E+00
     10.515  0.3865E-01  0.3855E-01  0.5057E-01  0.3271E-01  0.0000E+00  0.0000E+00  0.0000E+00  0.0000E+00  0.0000E+00
     10.646  0.3842E-01  0.3776E-01  0.5438E-01  0.3691E-01  0.0000E+00  0.0000E+00  0.0000E+00  0.0000E+00  0.0000E+00
     10.777  0.3695E-01  0.3755E-01  0.6220E-01  0.3779E-01  0.0000E+00  0.0000E+00  0.0000E+00  0.0000E+00  0.0000E+00
     10.909  0.3557E-01  0.3751E-01  0.6386E-01  0.4032E-01  0.0000E+00  0.0000E+00  0.0000E+00  0.0000E+00  0.0000E+00
     11.040  0.3429E-01  0.3785E-01  0.6810E-01  0.4387E-01  0.0000E+00  0.0000E+00  0.0000E+00  0.0000E+00  0.0000E+00
     11.171  0.3378E-01  0.3845E-01  0.7981E-01  0.5512E-01  0.0000E+00  0.0000E+00  0.0000E+00  0.0000E+00  0.0000E+00
     11.302  0.3211E-01  0.3829E-01  0.7344E-01  0.4819E-01  0.0000E+00  0.0000E+00  0.0000E+00  0.0000E+00  0.0000E+00
     11.433  0.3040E-01  0.3738E-01  0.7239E-01  0.4830E-01  0.0000E+00  0.0000E+00  0.0000E+00  0.0000E+00  0.0000E+00
     11.564  0.2930E-01  0.3684E-01  0.7029E-01  0.4697E-01  0.0000E+00  0.0000E+00  0.0000E+00  0.0000E+00  0.0000E+00
     11.695  0.2812E-01  0.3648E-01  0.7019E-01  0.4697E-01  0.0000E+00  0.0000E+00  0.0000E+00  0.0000E+00  0.0000E+00
     11.827  0.2635E-01  0.3552E-01  0.6809E-01  0.4493E-01  0.0000E+00  0.0000E+00  0.0000E+00  0.0000E+00  0.0000E+00
     11.958  0.2480E-01  0.3501E-01  0.6621E-01  0.4320E-01  0.0000E+00  0.0000E+00  0.0000E+00  0.0000E+00  0.0000E+00
     12.089  0.2358E-01  0.3471E-01  0.6523E-01  0.4248E-01  0.0000E+00  0.0000E+00  0.0000E+00  0.0000E+00  0.0000E+00
     12.220  0.2219E-01  0.3413E-01  0.6405E-01  0.4153E-01  0.0000E+00  0.0000E+00  0.0000E+00  0.0000E+00  0.0000E+00
     12.351  0.2079E-01  0.3359E-01  0.6210E-01  0.3994E-01  0.0000E+00  0.0000E+00  0.0000E+00  0.0000E+00  0.0000E+00
     12.482  0.1971E-01  0.3325E-01  0.5991E-01  0.3898E-01  0.0000E+00  0.0000E+00  0.0000E+00  0.0000E+00  0.0000E+00
     12.613  0.1879E-01  0.3302E-01  0.5858E-01  0.3878E-01  0.0000E+00  0.0000E+00  0.0000E+00  0.0000E+00  0.0000E+00
     12.745  0.1763E-01  0.3260E-01  0.5819E-01  0.3878E-01  0.0000E+00  0.0000E+00  0.0000E+00  0.0000E+00  0.0000E+00
     12.876  0.1647E-01  0.3268E-01  0.5651E-01  0.3713E-01  0.0000E+00  0.0000E+00  0.0000E+00  0.0000E+00  0.0000E+00
     13.007  0.1528E-01  0.3237E-01  0.5440E-01  0.3508E-01  0.0000E+00  0.0000E+00  0.0000E+00  0.0000E+00  0.0000E+00
     13.138  0.1431E-01  0.3170E-01  0.5215E-01  0.3384E-01  0.0000E+00  0.0000E+00  0.0000E+00  0.0000E+00  0.0000E+00
     13.269  0.1348E-01  0.3089E-01  0.5045E-01  0.3306E-01  0.0000E+00  0.0000E+00  0.0000E+00  0.0000E+00  0.0000E+00
     13.400  0.1261E-01  0.2983E-01  0.4984E-01  0.3311E-01  0.0000E+00  0.0000E+00  0.0000E+00  0.0000E+00  0.0000E+00
     13.531  0.1393E-01  0.2906E-01  0.4865E-01  0.3220E-01  0.0000E+00  0.0000E+00  0.0000E+00  0.0000E+00  0.0000E+00
     13.663  0.1683E-01  0.2855E-01  0.4722E-01  0.3080E-01  0.0000E+00  0.0000E+00  0.0000E+00  0.0000E+00  0.0000E+00
     13.794  0.2024E-01  0.2814E-01  0.4582E-01  0.2970E-01  0.0000E+00  0.0000E+00  0.0000E+00  0.0000E+00  0.0000E+00
     13.925  0.2325E-01  0.2761E-01  0.4402E-01  0.2924E-01  0.0000E+00  0.0000E+00  0.0000E+00  0.0000E+00  0.0000E+00
     14.056  0.2656E-01  0.2728E-01  0.4200E-01  0.2934E-01  0.0000E+00  0.0000E+00  0.0000E+00  0.0000E+00  0.0000E+00
     14.187  0.2976E-01  0.2699E-01  0.4035E-01  0.3022E-01  0.0000E+00  0.0000E+00  0.0000E+00  0.0000E+00  0.0000E+00
     14.318  0.3238E-01  0.2679E-01  0.3871E-01  0.3072E-01  0.0000E+00  0.0000E+00  0.0000E+00  0.0000E+00  0.0000E+00
     14.449  0.3486E-01  0.2716E-01  0.3704E-01  0.3103E-01  0.0000E+00  0.0000E+00  0.0000E+00  0.0000E+00  0.0000E+00
     14.581  0.3689E-01  0.2749E-01  0.3542E-01  0.3099E-01  0.0000E+00  0.0000E+00  0.0000E+00  0.0000E+00  0.0000E+00
     14.712  0.3759E-01  0.2784E-01  0.3315E-01  0.3111E-01  0.0000E+00  0.0000E+00  0.0000E+00  0.0000E+00  0.0000E+00
     14.843  0.3892E-01  0.2831E-01  0.3073E-01  0.3102E-01  0.0000E+00  0.0000E+00  0.0000E+00  0.0000E+00  0.0000E+00
     14.974  0.4040E-01  0.2870E-01  0.2865E-01  0.3111E-01  0.0000E+00  0.0000E+00  0.0000E+00  0.0000E+00  0.0000E+00
     15.105  0.4083E-01  0.2886E-01  0.2731E-01  0.3213E-01  0.0000E+00  0.0000E+00  0.0000E+00  0.0000E+00  0.0000E+00
     15.236  0.4153E-01  0.2924E-01  0.2545E-01  0.3247E-01  0.0000E+00  0.0000E+00  0.0000E+00  0.0000E+00  0.0000E+00
     15.367  0.4256E-01  0.2981E-01  0.2389E-01  0.3297E-01  0.0000E+00  0.0000E+00  0.0000E+00  0.0000E+00  0.0000E+00
     15.499  0.4401E-01  0.3077E-01  0.2234E-01  0.3382E-01  0.0000E+00  0.0000E+00  0.0000E+00  0.0000E+00  0.0000E+00
     15.630  0.4391E-01  0.3145E-01  0.2046E-01  0.3512E-01  0.0000E+00  0.0000E+00  0.0000E+00  0.0000E+00  0.0000E+00
     15.761  0.4423E-01  0.3361E-01  0.1937E-01  0.3750E-01  0.0000E+00  0.0000E+00  0.0000E+00  0.0000E+00  0.0000E+00
     15.892  0.4497E-01  0.3673E-01  0.1932E-01  0.4105E-01  0.0000E+00  0.0000E+00  0.0000E+00  0.0000E+00  0.0000E+00
     16.023  0.4559E-01  0.3952E-01  0.1896E-01  0.4369E-01  0.0000E+00  0.0000E+00  0.0000E+00  0.0000E+00  0.0000E+00
     16.154  0.4599E-01  0.4434E-01  0.1931E-01  0.4796E-01  0.0000E+00  0.0000E+00  0.0000E+00  0.0000E+00  0.0000E+00
     16.285  0.4617E-01  0.5024E-01  0.2027E-01  0.5274E-01  0.0000E+00  0.0000E+00  0.0000E+00  0.0000E+00  0.0000E+00
     16.417  0.4628E-01  0.5742E-01  0.2080E-01  0.5753E-01  0.0000E+00  0.0000E+00  0.0000E+00  0.0000E+00  0.0000E+00
     16.548  0.4516E-01  0.6419E-01  0.2354E-01  0.6404E-01  0.0000E+00  0.0000E+00  0.0000E+00  0.0000E+00  0.0000E+00
     16.679  0.4290E-01  0.6751E-01  0.2700E-01  0.7082E-01  0.0000E+00  0.0000E+00  0.0000E+00  0.0000E+00  0.0000E+00
     16.810  0.4027E-01  0.6378E-01  0.2717E-01  0.7380E-01  0.0000E+00  0.0000E+00  0.0000E+00  0.0000E+00  0.0000E+00
     16.941  0.3815E-01  0.5624E-01  0.2958E-01  0.7780E-01  0.0000E+00  0.0000E+00  0.0000E+00  0.0000E+00  0.0000E+00
     17.072  0.3612E-01  0.4019E-01  0.2897E-01  0.7551E-01  0.0000E+00  0.0000E+00  0.0000E+00  0.0000E+00  0.0000E+00
     17.203  0.3479E-01  0.3458E-01  0.2721E-01  0.7322E-01  0.0000E+00  0.0000E+00  0.0000E+00  0.0000E+00  0.0000E+00
     17.335  0.3220E-01  0.2871E-01  0.2756E-01  0.6939E-01  0.0000E+00  0.0000E+00  0.0000E+00  0.0000E+00  0.0000E+00
     17.466  0.3077E-01  0.2465E-01  0.2967E-01  0.6954E-01  0.0000E+00  0.0000E+00  0.0000E+00  0.0000E+00  0.0000E+00
     17.597  0.3132E-01  0.2142E-01  0.3283E-01  0.7369E-01  0.0000E+00  0.0000E+00  0.0000E+00  0.0000E+00  0.0000E+00
     17.728  0.2878E-01  0.1792E-01  0.3113E-01  0.7049E-01  0.0000E+00  0.0000E+00  0.0000E+00  0.0000E+00  0.0000E+00
     17.859  0.2682E-01  0.1565E-01  0.3187E-01  0.6966E-01  0.0000E+00  0.0000E+00  0.0000E+00  0.0000E+00  0.0000E+00
     17.990  0.2396E-01  0.1346E-01  0.3092E-01  0.6416E-01  0.0000E+00  0.0000E+00  0.0000E+00  0.0000E+00  0.0000E+00
     18.121  0.2283E-01  0.1236E-01  0.3120E-01  0.6360E-01  0.0000E+00  0.0000E+00  0.0000E+00  0.0000E+00  0.0000E+00
     18.253  0.2491E-01  0.1186E-01  0.3529E-01  0.7381E-01  0.0000E+00  0.0000E+00  0.0000E+00  0.0000E+00  0.0000E+00
     18.384  0.2334E-01  0.1091E-01  0.3395E-01  0.7045E-01  0.0000E+00  0.0000E+00  0.0000E+00  0.0000E+00  0.0000E+00
     18.515  0.2040E-01  0.9933E-02  0.2968E-01  0.6275E-01  0.0000E+00  0.0000E+00  0.0000E+00  0.0000E+00  0.0000E+00
     18.646  0.1713E-01  0.9148E-02  0.2673E-01  0.5473E-01  0.0000E+00  0.0000E+00  0.0000E+00  0.0000E+00  0.0000E+00
     18.777  0.1655E-01  0.8703E-02  0.2719E-01  0.5635E-01  0.0000E+00  0.0000E+00  0.0000E+00  0.0000E+00  0.0000E+00
     18.908  0.1580E-01  0.8359E-02  0.2703E-01  0.5499E-01  0.0000E+00  0.0000E+00  0.0000E+00  0.0000E+00  0.0000E+00
     19.039  0.1698E-01  0.8040E-02  0.2995E-01  0.6140E-01  0.0000E+00  0.0000E+00  0.0000E+00  0.0000E+00  0.0000E+00
     19.171  0.1481E-01  0.7649E-02  0.2858E-01  0.5675E-01  0.0000E+00  0.0000E+00  0.0000E+00  0.0000E+00  0.0000E+00
     19.302  0.1481E-01  0.7540E-02  0.2931E-01  0.5941E-01  0.0000E+00  0.0000E+00  0.0000E+00  0.0000E+00  0.0000E+00
     19.433  0.1578E-01  0.7619E-02  0.2946E-01  0.6326E-01  0.0000E+00  0.0000E+00  0.0000E+00  0.0000E+00  0.0000E+00
     19.564  0.1530E-01  0.7500E-02  0.2962E-01  0.6383E-01  0.0000E+00  0.0000E+00  0.0000E+00  0.0000E+00  0.0000E+00
     19.695  0.1478E-01  0.7285E-02  0.2972E-01  0.6344E-01  0.0000E+00  0.0000E+00  0.0000E+00  0.0000E+00  0.0000E+00
     19.826  0.1373E-01  0.7150E-02  0.2919E-01  0.6111E-01  0.0000E+00  0.0000E+00  0.0000E+00  0.0000E+00  0.0000E+00
     19.957  0.1297E-01  0.7250E-02  0.2823E-01  0.5981E-01  0.0000E+00  0.0000E+00  0.0000E+00  0.0000E+00  0.0000E+00
     20.089  0.1161E-01  0.6990E-02  0.2686E-01  0.5564E-01  0.0000E+00  0.0000E+00  0.0000E+00  0.0000E+00  0.0000E+00
     20.220  0.1175E-01  0.7975E-02  0.2821E-01  0.5819E-01  0.0000E+00  0.0000E+00  0.0000E+00  0.0000E+00  0.0000E+00
     20.351  0.9310E-02  0.7929E-02  0.2544E-01  0.4926E-01  0.0000E+00  0.0000E+00  0.0000E+00  0.0000E+00  0.0000E+00
     20.482  0.8353E-02  0.7536E-02  0.2099E-01  0.4321E-01  0.0000E+00  0.0000E+00  0.0000E+00  0.0000E+00  0.0000E+00
     20.613  0.8638E-02  0.5960E-02  0.1971E-01  0.4439E-01  0.0000E+00  0.0000E+00  0.0000E+00  0.0000E+00  0.0000E+00
     20.744  0.1021E-01  0.5450E-02  0.2036E-01  0.5078E-01  0.0000E+00  0.0000E+00  0.0000E+00  0.0000E+00  0.0000E+00
     20.875  0.9503E-02  0.5951E-02  0.1924E-01  0.4458E-01  0.0000E+00  0.0000E+00  0.0000E+00  0.0000E+00  0.0000E+00
     21.007  0.1575E-01  0.1075E-01  0.2179E-01  0.4528E-01  0.0000E+00  0.0000E+00  0.0000E+00  0.0000E+00  0.0000E+00
     21.138  0.1591E-01  0.9957E-02  0.2138E-01  0.4446E-01  0.0000E+00  0.0000E+00  0.0000E+00  0.0000E+00  0.0000E+00
     21.269  0.1641E-01  0.1012E-01  0.2222E-01  0.4543E-01  0.0000E+00  0.0000E+00  0.0000E+00  0.0000E+00  0.0000E+00
     21.400  0.1696E-01  0.1295E-01  0.2567E-01  0.4862E-01  0.0000E+00  0.0000E+00  0.0000E+00  0.0000E+00  0.0000E+00
     21.531  0.1760E-01  0.1279E-01  0.2246E-01  0.4368E-01  0.0000E+00  0.0000E+00  0.0000E+00  0.0000E+00  0.0000E+00
     21.662  0.1807E-01  0.1280E-01  0.2178E-01  0.4226E-01  0.0000E+00  0.0000E+00  0.0000E+00  0.0000E+00  0.0000E+00
     21.793  0.1850E-01  0.1227E-01  0.2111E-01  0.4113E-01  0.0000E+00  0.0000E+00  0.0000E+00  0.0000E+00  0.0000E+00
     21.925  0.1856E-01  0.1220E-01  0.2202E-01  0.4128E-01  0.0000E+00  0.0000E+00  0.0000E+00  0.0000E+00  0.0000E+00
     22.056  0.1761E-01  0.1288E-01  0.1905E-01  0.3783E-01  0.0000E+00  0.0000E+00  0.0000E+00  0.0000E+00  0.0000E+00
     22.187  0.1933E-01  0.1416E-01  0.2247E-01  0.4231E-01  0.0000E+00  0.0000E+00  0.0000E+00  0.0000E+00  0.0000E+00
     22.318  0.1890E-01  0.1362E-01  0.1775E-01  0.3520E-01  0.0000E+00  0.0000E+00  0.0000E+00  0.0000E+00  0.0000E+00
     22.449  0.1874E-01  0.1438E-01  0.1748E-01  0.3260E-01  0.0000E+00  0.0000E+00  0.0000E+00  0.0000E+00  0.0000E+00
     22.580  0.1876E-01  0.1455E-01  0.1708E-01  0.3155E-01  0.0000E+00  0.0000E+00  0.0000E+00  0.0000E+00  0.0000E+00
     22.711  0.1876E-01  0.1434E-01  0.1722E-01  0.3105E-01  0.0000E+00  0.0000E+00  0.0000E+00  0.0000E+00  0.0000E+00
     22.843  0.1887E-01  0.1405E-01  0.1736E-01  0.3057E-01  0.0000E+00  0.0000E+00  0.0000E+00  0.0000E+00  0.0000E+00
     22.974  0.1905E-01  0.1538E-01  0.1777E-01  0.3065E-01  0.0000E+00  0.0000E+00  0.0000E+00  0.0000E+00  0.0000E+00
     23.105  0.1941E-01  0.1466E-01  0.1843E-01  0.3002E-01  0.0000E+00  0.0000E+00  0.0000E+00  0.0000E+00  0.0000E+00
     23.236  0.1953E-01  0.1479E-01  0.1854E-01  0.2884E-01  0.0000E+00  0.0000E+00  0.0000E+00  0.0000E+00  0.0000E+00
     23.367  0.1973E-01  0.1493E-01  0.1862E-01  0.2772E-01  0.0000E+00  0.0000E+00  0.0000E+00  0.0000E+00  0.0000E+00
     23.498  0.1995E-01  0.1531E-01  0.1835E-01  0.2617E-01  0.0000E+00  0.0000E+00  0.0000E+00  0.0000E+00  0.0000E+00
     23.629  0.2023E-01  0.1517E-01  0.1732E-01  0.2354E-01  0.0000E+00  0.0000E+00  0.0000E+00  0.0000E+00  0.0000E+00
     23.761  0.2098E-01  0.1561E-01  0.1784E-01  0.2304E-01  0.0000E+00  0.0000E+00  0.0000E+00  0.0000E+00  0.0000E+00
     23.892  0.2145E-01  0.1611E-01  0.1830E-01  0.2265E-01  0.0000E+00  0.0000E+00  0.0000E+00  0.0000E+00  0.0000E+00
     24.023  0.2073E-01  0.1548E-01  0.1692E-01  0.2065E-01  0.0000E+00  0.0000E+00  0.0000E+00  0.0000E+00  0.0000E+00
     24.154  0.1891E-01  0.1531E-01  0.1576E-01  0.1921E-01  0.0000E+00  0.0000E+00  0.0000E+00  0.0000E+00  0.0000E+00
     24.285  0.1731E-01  0.1465E-01  0.1490E-01  0.1769E-01  0.0000E+00  0.0000E+00  0.0000E+00  0.0000E+00  0.0000E+00
     24.416  0.1583E-01  0.1433E-01  0.1423E-01  0.1642E-01  0.0000E+00  0.0000E+00  0.0000E+00  0.0000E+00  0.0000E+00
     24.547  0.1486E-01  0.1419E-01  0.1355E-01  0.1540E-01  0.0000E+00  0.0000E+00  0.0000E+00  0.0000E+00  0.0000E+00
     24.679  0.1423E-01  0.1403E-01  0.1300E-01  0.1455E-01  0.0000E+00  0.0000E+00  0.0000E+00  0.0000E+00  0.0000E+00
     24.810  0.1318E-01  0.1379E-01  0.1272E-01  0.1368E-01  0.0000E+00  0.0000E+00  0.0000E+00  0.0000E+00  0.0000E+00
     24.941  0.1213E-01  0.1313E-01  0.1216E-01  0.1281E-01  0.0000E+00  0.0000E+00  0.0000E+00  0.0000E+00  0.0000E+00
     25.072  0.1168E-01  0.1319E-01  0.1239E-01  0.1226E-01  0.0000E+00  0.0000E+00  0.0000E+00  0.0000E+00  0.0000E+00
     25.203  0.1178E-01  0.1428E-01  0.1399E-01  0.1281E-01  0.0000E+00  0.0000E+00  0.0000E+00  0.0000E+00  0.0000E+00
     25.334  0.1153E-01  0.1372E-01  0.1345E-01  0.1170E-01  0.0000E+00  0.0000E+00  0.0000E+00  0.0000E+00  0.0000E+00
     25.465  0.1095E-01  0.1271E-01  0.1264E-01  0.1040E-01  0.0000E+00  0.0000E+00  0.0000E+00  0.0000E+00  0.0000E+00
     25.597  0.1038E-01  0.1198E-01  0.1194E-01  0.9409E-02  0.0000E+00  0.0000E+00  0.0000E+00  0.0000E+00  0.0000E+00
     25.728  0.9758E-02  0.1105E-01  0.1116E-01  0.8344E-02  0.0000E+00  0.0000E+00  0.0000E+00  0.0000E+00  0.0000E+00
     25.859  0.9006E-02  0.1015E-01  0.1051E-01  0.7446E-02  0.0000E+00  0.0000E+00  0.0000E+00  0.0000E+00  0.0000E+00
     25.990  0.8259E-02  0.9363E-02  0.9992E-02  0.6583E-02  0.0000E+00  0.0000E+00  0.0000E+00  0.0000E+00  0.0000E+00
     26.121  0.7696E-02  0.8863E-02  0.9690E-02  0.5906E-02  0.0000E+00  0.0000E+00  0.0000E+00  0.0000E+00  0.0000E+00
     26.252  0.7228E-02  0.8624E-02  0.9515E-02  0.5272E-02  0.0000E+00  0.0000E+00  0.0000E+00  0.0000E+00  0.0000E+00
     26.383  0.6686E-02  0.8193E-02  0.9113E-02  0.4763E-02  0.0000E+00  0.0000E+00  0.0000E+00  0.0000E+00  0.0000E+00
     26.515  0.6026E-02  0.7470E-02  0.8497E-02  0.4186E-02  0.0000E+00  0.0000E+00  0.0000E+00  0.0000E+00  0.0000E+00
     26.646  0.5546E-02  0.6932E-02  0.8112E-02  0.3720E-02  0.0000E+00  0.0000E+00  0.0000E+00  0.0000E+00  0.0000E+00
     26.777  0.5274E-02  0.6670E-02  0.8148E-02  0.3478E-02  0.0000E+00  0.0000E+00  0.0000E+00  0.0000E+00  0.0000E+00
     26.908  0.4946E-02  0.6217E-02  0.7839E-02  0.3063E-02  0.0000E+00  0.0000E+00  0.0000E+00  0.0000E+00  0.0000E+00
     27.039  0.4652E-02  0.5866E-02  0.7576E-02  0.2856E-02  0.0000E+00  0.0000E+00  0.0000E+00  0.0000E+00  0.0000E+00
     27.170  0.4392E-02  0.5609E-02  0.7443E-02  0.2781E-02  0.0000E+00  0.0000E+00  0.0000E+00  0.0000E+00  0.0000E+00
     27.301  0.4133E-02  0.5339E-02  0.7339E-02  0.2738E-02  0.0000E+00  0.0000E+00  0.0000E+00  0.0000E+00  0.0000E+00
     27.433  0.3854E-02  0.5009E-02  0.7184E-02  0.2724E-02  0.0000E+00  0.0000E+00  0.0000E+00  0.0000E+00  0.0000E+00
     27.564  0.3605E-02  0.4732E-02  0.7072E-02  0.2720E-02  0.0000E+00  0.0000E+00  0.0000E+00  0.0000E+00  0.0000E+00
     27.695  0.3382E-02  0.4497E-02  0.7012E-02  0.2718E-02  0.0000E+00  0.0000E+00  0.0000E+00  0.0000E+00  0.0000E+00
     27.826  0.3215E-02  0.4344E-02  0.7070E-02  0.2741E-02  0.0000E+00  0.0000E+00  0.0000E+00  0.0000E+00  0.0000E+00
     27.957  0.3061E-02  0.4194E-02  0.7115E-02  0.2788E-02  0.0000E+00  0.0000E+00  0.0000E+00  0.0000E+00  0.0000E+00
     28.088  0.2890E-02  0.4000E-02  0.7061E-02  0.2842E-02  0.0000E+00  0.0000E+00  0.0000E+00  0.0000E+00  0.0000E+00
     28.219  0.2690E-02  0.3760E-02  0.6915E-02  0.2884E-02  0.0000E+00  0.0000E+00  0.0000E+00  0.0000E+00  0.0000E+00
     28.350  0.2475E-02  0.3509E-02  0.6728E-02  0.2914E-02  0.0000E+00  0.0000E+00  0.0000E+00  0.0000E+00  0.0000E+00
     28.482  0.2301E-02  0.3290E-02  0.6736E-02  0.2973E-02  0.0000E+00  0.0000E+00  0.0000E+00  0.0000E+00  0.0000E+00
     28.613  0.2165E-02  0.3130E-02  0.6847E-02  0.3048E-02  0.0000E+00  0.0000E+00  0.0000E+00  0.0000E+00  0.0000E+00
     28.744  0.2022E-02  0.2960E-02  0.6922E-02  0.3113E-02  0.0000E+00  0.0000E+00  0.0000E+00  0.0000E+00  0.0000E+00
     28.875  0.1871E-02  0.2781E-02  0.7033E-02  0.3191E-02  0.0000E+00  0.0000E+00  0.0000E+00  0.0000E+00  0.0000E+00
     29.006  0.1726E-02  0.2608E-02  0.7317E-02  0.3324E-02  0.0000E+00  0.0000E+00  0.0000E+00  0.0000E+00  0.0000E+00
     29.137  0.1596E-02  0.2443E-02  0.7575E-02  0.3477E-02  0.0000E+00  0.0000E+00  0.0000E+00  0.0000E+00  0.0000E+00
     29.268  0.1464E-02  0.2275E-02  0.7400E-02  0.3404E-02  0.0000E+00  0.0000E+00  0.0000E+00  0.0000E+00  0.0000E+00
     29.400  0.1331E-02  0.2064E-02  0.7267E-02  0.3337E-02  0.0000E+00  0.0000E+00  0.0000E+00  0.0000E+00  0.0000E+00
     29.531  0.1194E-02  0.1896E-02  0.6908E-02  0.3271E-02  0.0000E+00  0.0000E+00  0.0000E+00  0.0000E+00  0.0000E+00
     29.662  0.1073E-02  0.1754E-02  0.6690E-02  0.3254E-02  0.0000E+00  0.0000E+00  0.0000E+00  0.0000E+00  0.0000E+00
     29.793  0.1009E-02  0.1650E-02  0.7431E-02  0.3356E-02  0.0000E+00  0.0000E+00  0.0000E+00  0.0000E+00  0.0000E+00
     29.924  0.8187E-03  0.1470E-02  0.6612E-02  0.3370E-02  0.0000E+00  0.0000E+00  0.0000E+00  0.0000E+00  0.0000E+00
     30.055  0.6303E-03  0.1266E-02  0.4531E-02  0.2504E-02  0.0000E+00  0.0000E+00  0.0000E+00  0.0000E+00  0.0000E+00
     30.186  0.5477E-03  0.1135E-02  0.4024E-02  0.2371E-02  0.0000E+00  0.0000E+00  0.0000E+00  0.0000E+00  0.0000E+00
     30.318  0.4750E-03  0.9997E-03  0.3758E-02  0.2245E-02  0.0000E+00  0.0000E+00  0.0000E+00  0.0000E+00  0.0000E+00
     30.449  0.3878E-03  0.8550E-03  0.3352E-02  0.2055E-02  0.0000E+00  0.0000E+00  0.0000E+00  0.0000E+00  0.0000E+00
     30.580  0.3087E-03  0.7304E-03  0.2968E-02  0.1862E-02  0.0000E+00  0.0000E+00  0.0000E+00  0.0000E+00  0.0000E+00
     30.711  0.2451E-03  0.6213E-03  0.2935E-02  0.1777E-02  0.0000E+00  0.0000E+00  0.0000E+00  0.0000E+00  0.0000E+00
     30.842  0.1995E-03  0.5432E-03  0.2756E-02  0.1674E-02  0.0000E+00  0.0000E+00  0.0000E+00  0.0000E+00  0.0000E+00
     30.973  0.1676E-03  0.4813E-03  0.2157E-02  0.1432E-02  0.0000E+00  0.0000E+00  0.0000E+00  0.0000E+00  0.0000E+00
     31.104  0.1433E-03  0.4264E-03  0.1888E-02  0.1326E-02  0.0000E+00  0.0000E+00  0.0000E+00  0.0000E+00  0.0000E+00
     31.236  0.1211E-03  0.3759E-03  0.1655E-02  0.1222E-02  0.0000E+00  0.0000E+00  0.0000E+00  0.0000E+00  0.0000E+00
     31.367  0.1010E-03  0.3297E-03  0.1458E-02  0.1122E-02  0.0000E+00  0.0000E+00  0.0000E+00  0.0000E+00  0.0000E+00
     31.498  0.8295E-04  0.2878E-03  0.1297E-02  0.1025E-02  0.0000E+00  0.0000E+00  0.0000E+00  0.0000E+00  0.0000E+00
     31.629  0.6823E-04  0.2522E-03  0.1236E-02  0.9722E-03  0.0000E+00  0.0000E+00  0.0000E+00  0.0000E+00  0.0000E+00
     31.760  0.5733E-04  0.2211E-03  0.1248E-02  0.9653E-03  0.0000E+00  0.0000E+00  0.0000E+00  0.0000E+00  0.0000E+00
     31.891  0.3068E-04  0.1399E-03  0.6347E-03  0.7011E-03  0.0000E+00  0.0000E+00  0.0000E+00  0.0000E+00  0.0000E+00
     32.022  0.2248E-04  0.1084E-03  0.4487E-03  0.5623E-03  0.0000E+00  0.0000E+00  0.0000E+00  0.0000E+00  0.0000E+00
     32.154  0.1678E-04  0.8385E-04  0.3394E-03  0.4540E-03  0.0000E+00  0.0000E+00  0.0000E+00  0.0000E+00  0.0000E+00
     32.285  0.1184E-04  0.6232E-04  0.2434E-03  0.3553E-03  0.0000E+00  0.0000E+00  0.0000E+00  0.0000E+00  0.0000E+00
     32.416  0.7658E-05  0.4385E-04  0.1607E-03  0.2661E-03  0.0000E+00  0.0000E+00  0.0000E+00  0.0000E+00  0.0000E+00
     32.547  0.4226E-05  0.2843E-04  0.9125E-04  0.1864E-03  0.0000E+00  0.0000E+00  0.0000E+00  0.0000E+00  0.0000E+00
     32.678  0.1552E-05  0.1970E-04  0.1005E-03  0.3573E-03  0.0000E+00  0.0000E+00  0.0000E+00  0.0000E+00  0.0000E+00
     32.809  0.0000E+00  0.0000E+00  0.0000E+00  0.0000E+00  0.0000E+00  0.0000E+00  0.0000E+00  0.0000E+00  0.0000E+00
     32.940  0.0000E+00  0.0000E+00  0.0000E+00  0.0000E+00  0.0000E+00  0.0000E+00  0.0000E+00  0.0000E+00  0.0000E+00
     33.072  0.0000E+00  0.0000E+00  0.0000E+00  0.0000E+00  0.0000E+00  0.0000E+00  0.0000E+00  0.0000E+00  0.0000E+00
     33.203  0.0000E+00  0.0000E+00  0.0000E+00  0.0000E+00  0.0000E+00  0.0000E+00  0.0000E+00  0.0000E+00  0.0000E+00
     33.334  0.0000E+00  0.0000E+00  0.0000E+00  0.0000E+00  0.0000E+00  0.0000E+00  0.0000E+00  0.0000E+00  0.0000E+00
     33.465  0.0000E+00  0.0000E+00  0.0000E+00  0.0000E+00  0.0000E+00  0.0000E+00  0.0000E+00  0.0000E+00  0.0000E+00
     33.596  0.0000E+00  0.0000E+00  0.0000E+00  0.0000E+00  0.0000E+00  0.0000E+00  0.0000E+00  0.0000E+00  0.0000E+00
     33.727  0.0000E+00  0.0000E+00  0.0000E+00  0.0000E+00  0.0000E+00  0.0000E+00  0.0000E+00  0.0000E+00  0.0000E+00
     33.858  0.0000E+00  0.0000E+00  0.0000E+00  0.0000E+00  0.0000E+00  0.0000E+00  0.0000E+00  0.0000E+00  0.0000E+00
     33.990  0.0000E+00  0.0000E+00  0.0000E+00  0.0000E+00  0.0000E+00  0.0000E+00  0.0000E+00  0.0000E+00  0.0000E+00
     34.121  0.0000E+00  0.0000E+00  0.0000E+00  0.0000E+00  0.0000E+00  0.0000E+00  0.0000E+00  0.0000E+00  0.0000E+00
     34.252  0.0000E+00  0.0000E+00  0.0000E+00  0.0000E+00  0.0000E+00  0.0000E+00  0.0000E+00  0.0000E+00  0.0000E+00
     34.383  0.0000E+00  0.0000E+00  0.0000E+00  0.0000E+00  0.0000E+00  0.0000E+00  0.0000E+00  0.0000E+00  0.0000E+00
     34.514  0.0000E+00  0.0000E+00  0.0000E+00  0.0000E+00  0.0000E+00  0.0000E+00  0.0000E+00  0.0000E+00  0.0000E+00
     34.645  0.0000E+00  0.0000E+00  0.0000E+00  0.0000E+00  0.0000E+00  0.0000E+00  0.0000E+00  0.0000E+00  0.0000E+00
     34.776  0.0000E+00  0.0000E+00  0.0000E+00  0.0000E+00  0.0000E+00  0.0000E+00  0.0000E+00  0.0000E+00  0.0000E+00
